46, 1, 768.00, 79.00, 228.00, 621.00, 1, -1, -1, -1
47, 1, 770.00, 92.00, 217.00, 611.00, 1, -1, -1, -1
49, 1, 715.00, 79.00, 299.00, 612.00, 1, -1, -1, -1
49, 2, 6.00, 179.00, 223.00, 500.00, 1, -1, -1, -1
50, 1, 701.00, 94.00, 316.00, 590.00, 1, -1, -1, -1
50, 2, 5.00, 179.00, 218.00, 503.00, 1, -1, -1, -1
159, 1, 376.00, 145.00, 258.00, 549.00, 1, -1, -1, -1
159, 2, 249.00, 139.00, 220.00, 544.00, 1, -1, -1, -1
160, 1, 375.00, 146.00, 254.00, 557.00, 1, -1, -1, -1
160, 2, 245.00, 133.00, 240.00, 544.00, 1, -1, -1, -1
165, 1, 359.00, 141.00, 239.00, 579.00, 1, -1, -1, -1
165, 2, 280.00, 147.00, 222.00, 544.00, 1, -1, -1, -1
169, 1, 375.00, 135.00, 245.00, 587.00, 1, -1, -1, -1
169, 2, 272.00, 125.00, 240.00, 544.00, 1, -1, -1, -1
171, 1, 366.00, 134.00, 231.00, 590.00, 1, -1, -1, -1
171, 2, 287.00, 142.00, 239.00, 530.00, 1, -1, -1, -1
176, 1, 381.00, 165.00, 233.00, 532.00, 1, -1, -1, -1
176, 2, 299.00, 145.00, 229.00, 532.00, 1, -1, -1, -1
177, 1, 384.27, 165.30, 233.00, 532.00, 1, -1, -1, -1
177, 2, 301.84, 149.54, 229.00, 532.00, 1, -1, -1, -1
183, 1, 311.00, 143.00, 270.00, 553.00, 1, -1, -1, -1
183, 2, 329.00, 172.00, 240.00, 533.00, 1, -1, -1, -1
185, 1, 311.00, 137.00, 285.00, 555.00, 1, -1, -1, -1
185, 2, 337.00, 176.00, 240.00, 535.00, 1, -1, -1, -1
186, 1, 317.00, 142.00, 281.00, 556.00, 1, -1, -1, -1
186, 2, 344.00, 182.00, 235.00, 527.00, 1, -1, -1, -1
189, 1, 345.00, 127.00, 260.00, 587.00, 1, -1, -1, -1
189, 2, 361.00, 189.00, 225.00, 519.00, 1, -1, -1, -1
193, 1, 372.00, 96.00, 237.00, 608.00, 1, -1, -1, -1
193, 2, 379.00, 196.00, 214.00, 507.00, 1, -1, -1, -1
198, 1, 389.00, 107.00, 214.00, 610.00, 1, -1, -1, -1
198, 2, 392.00, 184.00, 204.00, 520.00, 1, -1, -1, -1
199, 1, 389.00, 111.00, 214.00, 610.00, 1, -1, -1, -1
199, 2, 385.00, 129.00, 219.00, 544.00, 1, -1, -1, -1
226, 1, 362.00, 147.00, 246.00, 601.00, 1, -1, -1, -1
226, 2, 366.00, 137.00, 240.00, 544.00, 1, -1, -1, -1
238, 1, 350.00, 192.00, 214.00, 542.00, 1, -1, -1, -1
238, 2, 338.00, 148.00, 230.00, 544.00, 1, -1, -1, -1
239, 1, 341.00, 183.00, 218.00, 563.00, 1, -1, -1, -1
239, 2, 329.00, 156.00, 240.00, 544.00, 1, -1, -1, -1
243, 1, 298.00, 185.00, 247.00, 556.00, 1, -1, -1, -1
243, 2, 303.00, 159.00, 240.00, 544.00, 1, -1, -1, -1
246, 1, 263.00, 194.00, 264.00, 550.00, 1, -1, -1, -1
246, 2, 278.00, 170.00, 240.00, 544.00, 1, -1, -1, -1
253, 1, 230.00, 220.00, 248.00, 508.00, 1, -1, -1, -1
253, 2, 243.00, 149.00, 240.00, 544.00, 1, -1, -1, -1
255, 1, 219.00, 228.00, 249.00, 493.00, 1, -1, -1, -1
255, 2, 230.00, 165.00, 240.00, 540.00, 1, -1, -1, -1
258, 1, 203.00, 234.00, 253.00, 481.00, 1, -1, -1, -1
258, 2, 215.00, 180.00, 240.00, 544.00, 1, -1, -1, -1
261, 1, 169.00, 237.00, 272.00, 479.00, 1, -1, -1, -1
261, 2, 187.00, 202.00, 240.00, 520.00, 1, -1, -1, -1
264, 1, 161.00, 224.00, 240.00, 483.00, 1, -1, -1, -1
264, 2, 163.00, 206.00, 240.00, 523.00, 1, -1, -1, -1
267, 1, 125.00, 225.00, 243.00, 478.00, 1, -1, -1, -1
267, 2, 141.00, 211.00, 228.00, 521.00, 1, -1, -1, -1
270, 1, 78.00, 224.00, 257.00, 469.00, 1, -1, -1, -1
270, 2, 164.00, 151.00, 197.00, 544.00, 1, -1, -1, -1
273, 1, 49.00, 228.00, 271.00, 470.00, 1, -1, -1, -1
273, 2, 167.00, 181.00, 185.00, 490.00, 1, -1, -1, -1
276, 1, 29.00, 241.00, 270.00, 472.00, 1, -1, -1, -1
276, 2, 87.00, 179.00, 240.00, 525.00, 1, -1, -1, -1
279, 1, 39.00, 248.00, 206.00, 462.00, 1, -1, -1, -1
279, 2, 74.00, 175.00, 240.00, 544.00, 1, -1, -1, -1
282, 1, 7.00, 249.00, 219.00, 462.00, 1, -1, -1, -1
282, 2, 57.00, 193.00, 236.00, 515.00, 1, -1, -1, -1
285, 1, -41.00, 248.00, 221.00, 469.00, 1, -1, -1, -1
285, 2, 35.00, 177.00, 221.00, 544.00, 1, -1, -1, -1
288, 1, -41.00, 248.00, 221.00, 469.00, 1, -1, -1, -1
288, 2, 46.00, 180.00, 172.00, 506.00, 1, -1, -1, -1
291, 1, -41.00, 248.00, 221.00, 469.00, 1, -1, -1, -1
291, 2, 26.00, 178.00, 184.00, 500.00, 1, -1, -1, -1
296, 1, -8.00, 186.00, 222.00, 491.00, 1, -1, -1, -1
296, 2, -19.00, 189.00, 219.00, 493.00, 1, -1, -1, -1
299, 1, -29.00, 200.00, 219.00, 486.00, 1, -1, -1, -1
299, 2, -28.00, 205.00, 207.00, 476.00, 1, -1, -1, -1
301, 1, -36.00, 206.00, 205.00, 473.00, 1, -1, -1, -1
301, 2, -36.00, 224.00, 198.00, 437.00, 1, -1, -1, -1
304, 1, -34.00, 220.00, 159.00, 430.00, 1, -1, -1, -1
304, 2, -29.00, 221.00, 148.00, 429.00, 1, -1, -1, -1
307, 1, -38.21, 222.47, 143.00, 430.00, 1, -1, -1, -1
307, 2, -31.92, 225.93, 122.00, 428.00, 1, -1, -1, -1
